00                       000000 00000
04 Justin Bieber         000000 00010
00                       000000 00000
02 Justin Bieber         000000 00001
00                       000000 00000
00                       000000 00000
00                       000000 00000
04 Justin Bieber         000000 01000
00                       000000 00000
00                       000000 00000
04 Justin Bieber         000000 02000
00                       000000 00000
00                       000000 00000
04 Justin Bieber         000000 03000
04 Justin Bieber         000000 00010
00                       000000 00000
02 Justin Bieber         000000 00001
00                       000000 00000
00                       000000 00000
00                       000000 00000
04 Justin Bieber         000000 01000
00                       000000 00000
00                       000000 00000
04 Justin Bieber         000000 02000
00                       000000 00000
00                       000000 00000
04 Justin Bieber         000000 03000
00                       000000 00000
00                       000000 00000
00                       000000 00000
04 c                     000000 00010
02 c                     000000 00001
00                       000000 00000
04 Justin Bieber         000000 00010
00                       000000 00000
02 Justin Bieber         000000 00001
00                       000000 00000
00                       000000 00000
00                       000000 00000
04 Justin Bieber         000000 01000
00                       000000 00000
00                       000000 00000
04 Justin Bieber         000000 02000
00                       000000 00000
00                       000000 00000
04 Justin Bieber         000000 03000
00                       000000 00000
00                       000000 00000
00                       000000 00000
04 c                     000000 00010
02 c                     000000 00001
00                       000000 00000
04 Justin Bieber         000000 00010
00                       000000 00000
02 Justin Bieber         000000 00001
00                       000000 00000
00                       000000 00000
00                       000000 00000
04 Justin Bieber         000000 01000
00                       000000 00000
00                       000000 00000
04 Justin Bieber         000000 02000
00                       000000 00000
00                       000000 00000
04 Justin Bieber         000000 03000
00                       000000 00000
00                       000000 00000
00                       000000 00000
04 c                     000000 00010
02 c                     000000 00001
00                       000000 00000
04 Justin Bieber         000000 00010
00                       000000 00000
02 Justin Bieber         000000 00001
00                       000000 00000
00                       000000 00000
00                       000000 00000
04 Justin Bieber         000000 01000
00                       000000 00000
00                       000000 00000
04 Justin Bieber         000000 02000
00                       000000 00000
00                       000000 00000
04 Justin Bieber         000000 03000
00                       000000 00000
00                       000000 00000
00                       000000 00000
04 c                     000000 00010
02 c                     000000 00001
00                       000000 00000
04 Justin Bieber         000000 00010
00                       000000 00000
02 Justin Bieber         000000 00001
00                       000000 00000
00                       000000 00000
00                       000000 00000
04 Justin Bieber         000000 01000
00                       000000 00000
00                       000000 00000
04 Justin Bieber         000000 02000
00                       000000 00000
00                       000000 00000
04 Justin Bieber         000000 03000
00                       000000 00000
00                       000000 00000
00                       000000 00000
04 a                     000000 00010
02 a                     000000 00001
00                       000000 00000
04 Justin Bieber         000000 00010
00                       000000 00000
02 Justin Bieber         000000 00001
00                       000000 00000
00                       000000 00000
00                       000000 00000
04 Justin Bieber         000000 01000
00                       000000 00000
00                       000000 00000
04 Justin Bieber         000000 02000
00                       000000 00000
00                       000000 00000
04 Justin Bieber         000000 03000
00                       000000 00000
00                       000000 00000
00                       000000 00000
04 a                     000000 00010
02 a                     000000 00001
00                       000000 00000
04 Justin Bieber         000000 00010
00                       000000 00000
02 Justin Bieber         000000 00001
00                       000000 00000
00                       000000 00000
00                       000000 00000
04 Justin Bieber         000000 01000
00                       000000 00000
00                       000000 00000
04 Justin Bieber         000000 02000
00                       000000 00000
00                       000000 00000
04 Justin Bieber         000000 03000
00                       000000 00000
00                       000000 00000
00                       000000 00000
04 a                     000000 00010
02 a                     000000 00001
00                       000000 00000
04 Justin Bieber         000000 00010
00                       000000 00000
02 Justin Bieber         000000 00001
00                       000000 00000
00                       000000 00000
00                       000000 00000
04 Justin Bieber         000000 01000
00                       000000 00000
00                       000000 00000
04 Justin Bieber         000000 02000
00                       000000 00000
00                       000000 00000
04 Justin Bieber         000000 03000
00                       000000 00000
00                       000000 00000
00                       000000 00000
04 a                     000000 00010
02 a                     000000 00001
00                       000000 00000
04 Justin Bieber         000000 00010
00                       000000 00000
02 Justin Bieber         000000 00001
00                       000000 00000
00                       000000 00000
00                       000000 00000
04 Justin Bieber         000000 01000
00                       000000 00000
00                       000000 00000
04 Justin Bieber         000000 02000
00                       000000 00000
00                       000000 00000
04 Justin Bieber         000000 03000
00                       000000 00000
00                       000000 00000
00                       000000 00000
04 a                     000000 00010
02 a                     000000 00001
00                       000000 00000
04 Justin Bieber         000000 00010
00                       000000 00000
02 Justin Bieber         000000 00001
00                       000000 00000
00                       000000 00000
00                       000000 00000
04 Justin Bieber         000000 01000
00                       000000 00000
00                       000000 00000
04 Justin Bieber         000000 02000
00                       000000 00000
00                       000000 00000
04 Justin Bieber         000000 03000
00                       000000 00000
00                       000000 00000
00                       000000 00000
04 a                     000000 00010
02 a                     000000 00001
00                       000000 00000
04 Justin Bieber         000000 00010
00                       000000 00000
02 Justin Bieber         000000 00001
00                       000000 00000
00                       000000 00000
00                       000000 00000
04 Justin Bieber         000000 01000
00                       000000 00000
00                       000000 00000
04 Justin Bieber         000000 02000
00                       000000 00000
00                       000000 00000
04 Justin Bieber         000000 03000
00                       000000 00000
00                       000000 00000
00                       000000 00000
04 a                     000000 00010
02 a                     000000 00001
00                       000000 00000
04 Justin Bieber         000000 00010
00                       000000 00000
02 Justin Bieber         000000 00001
00                       000000 00000
00                       000000 00000
00                       000000 00000
04 Justin Bieber         000000 01000
00                       000000 00000
00                       000000 00000
04 Justin Bieber         000000 02000
00                       000000 00000
00                       000000 00000
04 Justin Bieber         000000 03000
00                       000000 00000
00                       000000 00000
00                       000000 00000
04 a                     000000 00010
02 a                     000000 00001
00                       000000 00000
04 Justin Bieber         000000 00010
00                       000000 00000
02 Justin Bieber         000000 00001
00                       000000 00000
00                       000000 00000
00                       000000 00000
04 Justin Bieber         000000 01000
00                       000000 00000
00                       000000 00000
04 Justin Bieber         000000 02000
00                       000000 00000
00                       000000 00000
04 Justin Bieber         000000 03000
00                       000000 00000
00                       000000 00000
00                       000000 00000
04 a                     000000 00010
02 a                     000000 00001
00                       000000 00000
04 Justin Bieber         000000 00010
00                       000000 00000
02 Justin Bieber         000000 00001
00                       000000 00000
00                       000000 00000
00                       000000 00000
04 Justin Bieber         000000 01000
00                       000000 00000
00                       000000 00000
04 Justin Bieber         000000 02000
00                       000000 00000
00                       000000 00000
04 Justin Bieber         000000 03000
00                       000000 00000
00                       000000 00000
00                       000000 00000
04 a                     000000 00010
02 a                     000000 00001
00                       000000 00000
04 Justin Bieber         000000 00010
00                       000000 00000
02 Justin Bieber         000000 00001
00                       000000 00000
00                       000000 00000
00                       000000 00000
04 Justin Bieber         000000 01000
00                       000000 00000
00                       000000 00000
04 Justin Bieber         000000 02000
00                       000000 00000
00                       000000 00000
04 Justin Bieber         000000 03000
00                       000000 00000
00                       000000 00000
00                       000000 00000
04 a                     000000 00010
02 a                     000000 00001
00                       000000 00000
04 Justin Bieber         000000 00010
00                       000000 00000
02 Justin Bieber         000000 00001
00                       000000 00000
00                       000000 00000
00                       000000 00000
04 Justin Bieber         000000 01000
00                       000000 00000
00                       000000 00000
04 Justin Bieber         000000 02000
00                       000000 00000
00                       000000 00000
04 Justin Bieber         000000 03000
00                       000000 00000
00                       000000 00000
00                       000000 00000
04 a                     000000 00010
02 a                     000000 00001
00                       000000 00000
04 Justin Bieber         000000 00010
00                       000000 00000
02 Justin Bieber         000000 00001
00                       000000 00000
00                       000000 00000
00                       000000 00000
04 Justin Bieber         000000 01000
00                       000000 00000
00                       000000 00000
04 Justin Bieber         000000 02000
00                       000000 00000
00                       000000 00000
04 Justin Bieber         000000 03000
00                       000000 00000
00                       000000 00000
00                       000000 00000
04 a                     000000 00010
02 a                     000000 00001
00                       000000 00000
04 Justin Bieber         000000 00010
00                       000000 00000
02 Justin Bieber         000000 00001
00                       000000 00000
00                       000000 00000
00                       000000 00000
04 Justin Bieber         000000 01000
00                       000000 00000
00                       000000 00000
04 Justin Bieber         000000 02000
00                       000000 00000
00                       000000 00000
04 Justin Bieber         000000 03000
00                       000000 00000
00                       000000 00000
